


C   1
       90.    1
Th1    0.0000000000    0.0000000000    0.0000000000
LARGE EXPLICIT    7    2    3    2    2    1    1    1
# s functions
F 11  8
          9.94548000    1.52028698    1.30256345    0.42109656   -0.88009696   -1.74243430    3.75884625   -6.36577862   -8.63664225
          7.36702000   -3.91757460   -3.71086288   -1.23719560    2.60721405    5.24648246  -12.91096979   25.04224232   37.89188753
          5.62470000    1.95651388    2.21022234    0.77015009   -1.61169359   -3.20154815   10.13976583  -24.78700098  -41.45836529
          2.17765000    0.73055837    0.51161587    0.16659449   -0.88703939   -4.49847956    8.24532816   15.58612464   46.34590980
          1.54349000    0.28359375    0.92452541    0.39706082   -0.20786504    3.97156331  -14.52601102   -9.68054312  -44.67876108
          0.68138000    0.16798893   -0.95160629   -0.55184317    1.79735858    2.20614784    8.28896731   -1.87715961   15.40690566
          0.26921000    0.07919390   -0.71438730   -0.68284969   -0.16384037   -4.14081123   -3.71626290    4.92582244   -8.51491622
          0.10769000   -0.00331618    0.04670169    0.54103188   -1.92205358    2.65557599    0.20173267   -6.24074639    5.94120561
          0.04308000    0.00271129   -0.03628838    0.79160757    0.88970702    0.00196016    1.76652122    5.69958493   -3.86741752
          0.01723000   -0.00141435    0.01626598    0.07714577    0.63528769   -0.91372154   -1.46491633   -3.10781713    1.66563511
          0.00689200    0.00040230   -0.00470102    0.00073502   -0.05543106    0.09966256    0.22613883    0.50551576   -0.16616672
# p functions
F 10  9
         12.14852000    0.13195224    0.18807978   -0.07411781   -0.04540235    0.11010892    0.45149910    1.13182323   -0.28766893    6.71117052
          8.09902000   -0.53703058   -2.20637554    0.35115582    0.23521596   -0.59659527   -2.20762056   -5.85280990    2.97026536  -19.53331976
          5.39934000    0.17366780    3.43632467   -0.15426752   -0.09717876    0.32824846    2.55244029    8.63070297   -5.72253585   17.24159238
          2.55385000    0.76827559   -0.58508704   -0.63458270   -0.58428921    1.55618715    0.46267165   -6.27008444    5.65473536   -7.14381653
          1.19350000    0.31815216   -0.66851951   -0.11384869    0.22752554   -1.80184806   -2.78809338    3.56467696   -4.78564353    3.39573728
          0.48203000    0.07480065   -0.17486567    0.78666938    0.79176043   -0.12277890    3.24489469   -1.04671996    3.82007811   -1.56992043
          0.19281000    0.03400684    0.05678808    0.38693527   -0.31357407    1.57201678   -2.31108465   -0.65714809   -3.60571089    0.85350484
          0.07712600   -0.00093868   -0.03037554    0.00003906   -0.75894881   -1.04431993    0.60917286    1.75817136    3.30565596   -0.37556085
          0.03085000    0.00117080    0.01457762    0.00867381   -0.13651400   -0.13099355    0.37170310   -1.54215230   -2.09540382   -0.06855961
          0.01234000   -0.00036927   -0.00463723   -0.00270757    0.00365941   -0.02172164   -0.01903787    0.28598496    0.37017956    0.26134440
# d functions
F  9  8
         19.37309000    0.00690965    0.00322065    0.00726274   -0.00794057   -0.02704672    0.11493625    0.53846824    0.03689479
          7.49914000    0.10083345    0.03205936    0.09462901   -0.15364805   -0.13595031   -0.31746489   -2.51945958   -0.31596640
          3.30747000   -0.45497238   -0.17696489   -0.57921302    1.07667483    1.58603698   -0.74555074    3.19611911    0.52086946
          1.56760000   -0.54591711   -0.20150758   -0.20719305   -0.75117630   -2.28738923    1.95743245   -2.59657288   -0.59459423
          0.68138000   -0.15955580    0.16713642    0.95147531   -0.61495789    1.43780335   -2.43004630    1.57215028    0.61381506
          0.26922000   -0.00048646    0.53432955    0.11505718    1.14865665   -0.05929023    2.47585439   -0.92190914   -0.81247441
          0.10769000   -0.00246284    0.41692714   -0.57043556   -0.30796068   -0.99225737   -2.15760100    0.49450060    1.30123766
          0.04307500    0.00122802    0.09581873   -0.20916769   -0.56091672    0.99747291    1.18087356   -0.08239815   -1.86774892
          0.01723000   -0.00041855    0.00071418   -0.01442288   -0.03010019   -0.02285697   -0.05996748   -0.15699712    1.61899019
# f functions
F  8  5
         14.88566000    0.00454685    0.01480286    0.01494027    0.04945109   -0.08058964
          4.54647000   -0.10456951   -0.22222664   -0.21998721   -0.68312794    1.40729045
          2.33642000   -0.24351230   -0.60422074   -0.57062665   -0.06709475   -1.83950075
          1.13768000   -0.37658333   -0.05369423    0.74783018    1.23726952    0.82138214
          0.48203500   -0.36865463    0.44797213    0.37702072   -1.17051311    0.33639248
          0.19281400   -0.20535482    0.33019621   -0.68982485    0.18032207   -1.04052853
          0.07712600   -0.05410810    0.08575342   -0.26662997    0.51112749    0.94032236
          0.03085000   -0.00444885    0.00687359   -0.02740302    0.02782028    0.00610563
# g functions
F  7  4
          4.05140000   -0.16864555   -0.42184891   -0.61250298   -1.32257067
          2.62680000   -0.10260095   -0.32974542   -0.07508212    1.09268997
          1.25337200   -0.46021339   -0.21084782    0.64982786    0.58615463
          0.59804300   -0.38301455    0.52781943    0.22417079   -1.06510673
          0.28535500   -0.15694619    0.23507687   -0.62866549    0.32564141
          0.12540600   -0.03853460    0.12447721   -0.25152726    0.42430824
          0.07000000   -0.00568000    0.00009216   -0.06688911    0.08718025
# h functions
F  6  3
          3.35510100    0.24371716    0.71896749    0.96973871
          1.71754800    0.33045265    0.19716394   -0.96186381
          0.82913500    0.51271735   -0.40882369   -0.18307617
          0.40026000    0.15430827   -0.36397895    0.58572477
          0.19322300    0.05047215   -0.05585906    0.23584457
          0.09327700   -0.00019631   -0.02144314    0.05019911
# i functions
F  5  2
          4.17040000   -0.13877434   -0.61181192
          2.08520000   -0.37865281   -0.39456434
          1.04260000   -0.52269881    0.42384346
          0.52130000   -0.19190488    0.34781247
          0.26065000   -0.03975077    0.07132636
ECP 60 5 4
# ul
   1      3.698978298569e+02      4.016886253269e+01
   1      2.477655967328e+02     -7.584009176330e+01
   2      2.011047071613e+02      1.119125617920e+03
   2      1.496430016110e+02     -9.390212475238e+02
   2      4.640820345015e+01     -1.589114782933e+02
   2      3.321312110134e+01      5.434909097838e+01
   2      2.327924832097e+01     -1.036155449222e+02
   2      1.209743694899e+01     -2.148789486174e+01
   2      6.715425102872e+00     -4.623176391720e+00
   2      3.730670044854e+00     -4.213014368523e-01
   2      8.740604208345e-01     -3.534684399247e-03
   2      5.314586854465e-01      1.299722959600e-03
   2      3.179053680476e-01     -4.241195633460e-04
   2      6.633123162449e-02     -1.706567934152e-05
   2      1.903637830472e-02     -3.046471463440e-06
   2      7.574215761278e-03      5.037219380614e-07
# s
   0      1.856149912515e+02      1.000000000000e+01
   1      7.269610545713e+01      1.665689924021e+03
   1      5.062045400423e+01     -3.162409396416e+03
   1      2.445651582576e+01      1.544845564349e+03
   2      4.506701004658e+01      1.668603567121e+04
   2      3.236396577225e+01     -2.283898909532e+04
   2      2.347349275167e+01      1.712297056991e+04
   2      1.700920816888e+01     -1.649301164389e+04
   2      1.226004990448e+01      1.112252061428e+04
   2      8.807471578861e+00     -5.533354025347e+03
   2      6.303487518002e+00      2.410702817837e+03
   2      4.481012333236e+00     -9.512552942569e+02
   2      3.153715771217e+00      3.428842981648e+02
   2      2.192760596054e+00     -1.125329043970e+02
   2      1.503349725544e+00      3.274766569385e+01
   2      1.015838734318e+00     -8.158457770476e+00
   2      6.773386777800e-01      1.638261011147e+00
   2      4.466685408353e-01     -2.396255447742e-01
   2      2.906293427700e-01      1.796864033091e-02
# p
   0      3.362238419942e+01      9.000000000000e+00
   1      1.086498486023e+02     -1.046019428867e+01
   1      6.344250624455e+01      3.208300662044e+01
   1      3.752508190866e+01      5.096372440818e+01
   1      2.382350781479e+01     -1.457224290972e+02
   1      1.422396131156e+01      1.195147818146e+02
   2      1.724977873564e+01      1.296825444132e+03
   2      1.219266888097e+01     -2.669812590136e+03
   2      8.799452270859e+00      2.764041714910e+03
   2      6.404530227360e+00     -1.592803841629e+03
   2      4.597933752868e+00      6.555382878557e+02
   2      3.234766507525e+00     -2.093159924852e+02
   2      2.230603879291e+00      5.228808778783e+01
   2      1.487030742906e+00     -8.966073167811e+00
   2      7.071096553715e-01      8.286892608804e-01
   2      3.868823593052e-01     -2.886767134097e-01
   2      2.269164855315e-01      1.169487079180e-01
   2      1.375627354920e-01     -3.939634409199e-02
   2      8.461830732000e-02      8.992871924271e-03
   2      5.210021826898e-02     -9.938193351190e-04
# d
   0      4.706500063635e+01      7.000000000000e+00
   1      4.466520847650e+01      4.485949273483e+01
   2      2.141550252318e+01      2.838219406110e+02
   2      5.670309118951e+00      1.801522228446e+02
   2      4.051741257216e+00     -1.030854170907e+02
   2      2.643819122345e+00      3.190114097239e+01
   2      1.675404711619e+00     -9.788433414920e+00
   2      1.119651677234e+00      3.076109154373e+00
   2      7.541755684892e-01     -6.618044699546e-01
   2      5.018690850075e-01      7.279472517193e-02
# f
   0      4.359501069915e+01      4.000000000000e+00
   1      2.748912440563e+01      4.855730389038e+01
   2      1.077953397751e+01      1.422668629080e+02
   2      2.098519361893e+00      1.793453855509e+01
   2      1.489976715733e+00     -1.559619347864e+01
   2      1.050385280915e+00      6.045555431934e+00
   2      7.271425950222e-01     -1.108492314274e+00
   2      4.904561671558e-01      7.302218497353e-02
# p (spin-orbit)
   1      1.086498486023e+02      1.585953763839e+01
   1      6.344250624455e+01     -5.792827044666e+01
   1      3.752508190866e+01      1.884899442505e+02
   1      2.382350781479e+01     -2.963192187860e+02
   1      1.422396131156e+01      1.510903488594e+02
   2      1.724977873564e+01      7.345281508166e+02
   2      1.219266888097e+01     -1.107654283532e+03
   2      8.799452270859e+00      3.514271767696e+02
   2      6.404530227360e+00      1.784499233673e+02
   2      4.597933752868e+00     -2.145873572206e+02
   2      3.234766507525e+00      1.100750754714e+02
   2      2.230603879291e+00     -3.683701446161e+01
   2      1.487030742906e+00      7.645118981537e+00
   2      7.071096553715e-01     -8.526044933437e-01
   2      3.868823593052e-01      3.208157997071e-01
   2      2.269164855315e-01     -1.357477771601e-01
   2      1.375627354920e-01      4.743157917020e-02
   2      8.461830732000e-02     -1.127241359906e-02
   2      5.210021826898e-02      1.328462030120e-03
# d (spin-orbit)
   1      4.466520847650e+01      1.764443189192e-01
   2      2.141550252318e+01      1.037029556088e+00
   2      5.670309118951e+00     -4.220102213462e+00
   2      4.051741257216e+00      7.631542413648e+00
   2      2.643819122345e+00     -3.546860648036e+00
   2      1.675404711619e+00      1.193250635161e+00
   2      1.119651677234e+00     -3.328202112641e-01
   2      7.541755684892e-01      5.233775775918e-02
   2      5.018690850075e-01     -2.997215417087e-03
# f (spin-orbit)
   1      2.748912440563e+01      2.673136917106e-02
   2      1.077953397751e+01     -2.217784029274e-01
   2      2.098519361893e+00      1.504415595617e-01
   2      1.489976715733e+00      9.072108773711e-02
   2      1.050385280915e+00     -1.559605938103e-01
   2      7.271425950222e-01      6.089452880239e-02
   2      4.904561671558e-01     -7.683492875615e-03
# g (spin-orbit)
   1      3.698978298569e+02     -2.918229100176e-01
   1      2.477655967328e+02      1.004286449808e+00
   2      2.011047071613e+02     -3.129165047537e+01
   2      1.496430016110e+02      3.485672969440e+01
   2      4.640820345015e+01     -2.422661483561e+00
   2      3.321312110134e+01      3.463214556493e+00
   2      2.327924832097e+01     -9.264683621459e-01
   2      1.209743694899e+01      9.917448844311e-02
   2      6.715425102872e+00     -1.776745284842e-02
   2      3.730670044854e+00      3.990511244671e-04
   2      8.740604208345e-01      6.862414542406e-04
   2      5.314586854465e-01     -1.838160561341e-04
   2      3.179053680476e-01      7.657922300082e-05
   2      6.633123162449e-02      3.421032844457e-06
   2      1.903637830472e-02     -1.273772768000e-07
   2      7.574215761278e-03      1.360326651960e-07
FINISH
